# The model is :
# Inverse temperature of the system : 1.0
# The Jastrow parameters are 1
# The exact model is :
# Inverse temperature of the system : 1.0
# The Ising field is 1 and the interactions 1
############################################
############################################
# The number of iterations is 5000
############################################
# MCMC is = 5000, T_therm = 2000, avgg=5, learning_rate=0.01
# Loop, F_lambda, parameters
0, 10.33830464174958, [0.80096071]
1, 5.713389501975761, [0.51345188]
2, -2.598112544279276, [0.2401608]
3, -10.565400622475478, [-0.04937084]
4, -18.661461835168893, [-0.30358466]
5, -22.904229646898482, [-0.44943424]
6, -25.759300247847104, [-0.60030845]
7, -28.37934106504326, [-0.69427591]
8, -27.131305532722735, [-0.67851841]
9, -27.9244793632867, [-0.65288879]
10, -26.701154827738364, [-0.70115433]
11, -28.940135813305474, [-0.79718165]
12, -28.166221041870426, [-0.72227179]
13, -24.5645081910153, [-0.91007464]
14, -23.51031217323951, [-0.64317154]
15, -26.475511686304348, [-0.82418354]
16, -28.04715791402848, [-0.81845834]
17, -24.436409051473543, [-1.02123134]
18, -21.922828935733357, [-0.89881498]
19, -25.07804354165516, [-0.84456416]
20, -27.244540166048065, [-0.87216666]
21, -28.535180533819933, [-0.85714632]
22, -26.576422916983812, [-0.79275966]
23, -25.112684270041058, [-0.67163084]
24, -27.71303159864976, [-0.73428984]
25, -26.85551680153221, [-0.68348941]
26, -26.13142532283521, [-0.54198005]
27, -25.50490530487702, [-0.63036618]
28, -26.8532386473231, [-0.75395413]
29, -28.618157313765874, [-0.81865361]
30, -26.236534976784615, [-0.81238496]
31, -32.48751456047138, [-0.79347092]
32, -27.76339524974891, [-0.75767306]
33, -25.391430042147096, [-0.74800102]
34, -26.8753328352701, [-0.74726163]
35, -27.264208765160706, [-0.75118931]
36, -28.6756932324215, [-0.85606217]
37, -28.688789322131537, [-0.98457132]
38, -28.78366393043585, [-1.11910529]
39, -25.610870907183966, [-1.11812863]
40, -30.605274797093163, [-1.10012717]
41, -31.69687932329445, [-1.33341403]
42, -26.79702366520284, [-1.30067476]
43, -37.875783514172646, [-1.41463979]
44, -20.932503502607357, [-1.47352268]
45, -28.5229156880133, [-1.30612266]
46, -36.21839379295306, [-1.29200946]
47, -36.47585400033687, [-1.42759218]
48, -27.330603716772565, [-1.35493993]
49, -24.55775855599217, [-1.08150067]
50, -30.33802465544818, [-1.03284845]
51, -25.331071023355776, [-0.92617986]
52, -26.73215244604645, [-0.88477017]
53, -24.410782672787434, [-0.81709754]
54, -26.277263037084598, [-0.77082668]
55, -27.48069843775772, [-0.85996324]
56, -29.421680049989817, [-0.93593674]
57, -27.092625000769807, [-1.00339428]
58, -23.344844555663503, [-0.76039072]
59, -28.117208311975556, [-0.87348448]
60, -27.20892046462647, [-0.81545175]
61, -27.222930854930166, [-0.86219415]
62, -29.435541056098618, [-0.78664014]
63, -28.76000663209624, [-0.86453135]
64, -25.16837170324592, [-0.83823327]
65, -27.391836141724063, [-0.80628362]
66, -30.217137177757998, [-0.79526423]
67, -27.96936089441401, [-0.88666308]
68, -31.788755813169054, [-1.02894355]
69, -23.98941143411115, [-1.10746584]
70, -28.69470486196851, [-1.02307076]
71, -26.45809138431741, [-0.98313912]
72, -28.712043763562267, [-0.97136977]
73, -30.139965674497915, [-1.1808809]
74, -32.29914432019631, [-1.26690058]
75, -32.17389885064304, [-1.3501306]
76, -39.55103866910235, [-1.42768392]
77, -32.90177467742396, [-1.2194885]
78, -30.707308331692694, [-1.42181119]
79, -30.59599411052912, [-1.14975139]
80, -26.05445613957318, [-1.27218482]
81, -31.99827234797146, [-1.42793782]
82, -39.46880354644599, [-1.53381173]
83, -34.242534870881684, [-1.69016664]
84, -14.253005151963134, [-1.56803526]
85, -19.10584013963513, [-1.56028699]
86, -25.044541109261452, [-1.48780269]
87, -35.81070033627201, [-1.35841383]
88, -14.135909794244025, [-1.37681809]
89, -36.64193765691609, [-1.31746073]
90, -27.06318337861474, [-1.24099324]
91, -28.564645756075784, [-1.40688471]
92, -36.24265490062704, [-1.50878436]
93, -13.052752626424917, [-1.48683873]
94, -26.66826736046781, [-1.54782966]
95, -13.70674858541343, [-1.43841185]
96, -22.12175505230049, [-1.17164004]
97, -25.970920180998814, [-1.32362324]
98, -35.1634809650108, [-1.38818388]
99, -32.421951776591, [-1.15897131]
100, -29.69060907153752, [-1.22029239]
101, -35.4632706307098, [-1.31505822]
102, -23.83626487569508, [-1.15101379]
103, -20.36692891627652, [-1.00809284]
104, -21.83193212284482, [-0.8489933]
105, -26.837636627510097, [-0.79522587]
106, -29.7406156481939, [-0.8932085]
107, -22.567587975071117, [-0.72415302]
108, -27.51694812712, [-0.66604731]
109, -27.341969244338657, [-0.65503072]
110, -26.233071663038714, [-0.66340578]
111, -28.842094376306715, [-0.71844893]
112, -28.081879136536646, [-0.82764974]
113, -28.232868316410173, [-0.90562197]
114, -26.971137742257167, [-0.91894855]
115, -26.40625078613328, [-0.65536259]
116, -26.241291854355808, [-0.69661919]
117, -25.414730120070175, [-0.8093355]
118, -27.769028261220402, [-0.85747569]
119, -28.288893792871683, [-0.86245721]
120, -27.04584787041481, [-1.02100671]
121, -27.2915952923422, [-1.00348467]
122, -30.980580378317796, [-1.04543045]
123, -28.318423502777275, [-1.02213667]
124, -30.13177023504039, [-0.96760865]
125, -27.414059807440367, [-0.64860855]
126, -27.811353263004502, [-0.71115859]
127, -28.83883884552754, [-0.88678066]
128, -29.769046198249846, [-0.7150018]
129, -29.073873751232803, [-0.74854468]
130, -27.566139038730793, [-0.69270371]
131, -27.075932585578084, [-0.64943094]
132, -25.0115868437094, [-0.56478825]
133, -25.994361118323237, [-0.61667065]
134, -28.448479931321636, [-0.6911368]
135, -27.75751575735149, [-0.75131685]
136, -29.56122289854925, [-0.80859423]
137, -26.769446002497496, [-0.77940162]
138, -27.019814925452526, [-0.85285823]
139, -29.97131157580428, [-0.95901071]
140, -28.599401991158434, [-0.79124693]
141, -29.80962796119126, [-0.86301974]
142, -28.607600569760393, [-0.7783467]
143, -28.185568354038843, [-0.92248031]
144, -29.848782531987865, [-1.12520663]
145, -37.21453013120531, [-1.23993514]
146, -23.385435218040506, [-1.1323016]
147, -33.63238321843154, [-1.32210108]
148, -32.10956112033955, [-1.51000524]
149, -21.180742588077823, [-1.69632117]
150, -8.714019980693951, [-1.69387689]
151, -28.915715717897122, [-1.68538278]
152, -28.59483976137259, [-1.40468599]
153, -25.327976107482087, [-1.25791136]
154, -19.602862794399268, [-1.04803808]
155, -28.03557598121527, [-1.08403699]
156, -34.1907240631485, [-1.16938673]
157, -22.789007460341484, [-1.03475117]
158, -28.96252145422284, [-0.99318502]
159, -21.65669274894218, [-0.86960784]
160, -24.86646720933609, [-0.92728499]
161, -29.0994879519531, [-0.93169902]
162, -24.511556353283638, [-0.96619777]
163, -28.690968021468834, [-0.90377009]
164, -27.73582512298038, [-0.84028281]
165, -29.842207768236086, [-1.01308662]
166, -23.656297176709057, [-0.89122195]
167, -26.831499134608197, [-0.99227029]
168, -31.373290449335535, [-0.91083699]
169, -24.69048266584391, [-0.80269995]
170, -28.607402290896808, [-0.83066366]
171, -27.0404262956029, [-0.96563965]
172, -25.464094323895747, [-0.90138443]
173, -26.603135473073262, [-1.02175091]
174, -23.62324028172081, [-0.9542368]
175, -29.80997615549997, [-1.05482672]
176, -34.90640437417183, [-1.31506965]
177, -33.95904877942007, [-1.45056842]
178, -22.750443091540394, [-1.34387028]
179, -20.326380656766602, [-1.28419612]
180, -35.41197442049519, [-1.06735647]
181, -28.999703799483303, [-1.21830159]
182, -20.173653187587394, [-1.16793397]
183, -29.98065052205563, [-1.02299362]
184, -31.454155031609545, [-1.18033391]
185, -28.96626854333519, [-1.12305763]
186, -24.108983194815114, [-0.97263566]
187, -31.111467902513322, [-1.09964139]
188, -33.064281083828924, [-1.13358527]
189, -27.470212508734903, [-1.13585092]
190, -30.677374027878614, [-1.32493039]
191, -24.279974232853046, [-1.34885473]
192, -21.728460572178808, [-1.31841752]
193, -28.06133810962747, [-1.22201474]
194, -29.456939468154506, [-1.32658866]
195, -29.015175132310002, [-1.4321256]
196, -40.17377912598134, [-1.35539728]
197, -34.15185294524675, [-1.54788619]
198, -11.288978189282114, [-1.47664938]
199, -24.670060680250074, [-1.20959092]
200, -20.930963922474696, [-1.00758032]
201, -29.066484778609592, [-1.14870976]
202, -20.53863075409993, [-0.94722321]
203, -31.019469503767716, [-1.12168711]
204, -25.472760339146834, [-1.25314824]
205, -32.46842045340833, [-1.13240587]
206, -28.81459189876504, [-0.99874094]
207, -29.13162906901036, [-1.09960116]
208, -34.29968359084365, [-1.21221166]
209, -23.025161944071503, [-1.43348401]
210, -31.105163608550736, [-1.27162901]
211, -31.515286784398622, [-1.3876747]
212, -33.51595782259016, [-1.52670778]
213, -36.775619458529924, [-1.63660578]
214, -28.40967207353672, [-1.77839404]
215, -20.841866196533353, [-1.69273602]
216, -28.6334962267822, [-1.69262336]
217, -2.5825815790405464, [-1.57800063]
218, -27.135673605880484, [-1.44296785]
219, -23.745972924218396, [-1.54463432]
220, -35.53022000569852, [-1.69301729]
221, -13.143695725857931, [-1.89030013]
222, -39.14685735704564, [-1.89019623]
223, -26.253971943022737, [-1.85840752]
224, -14.814972511174648, [-1.85196843]
225, -22.370679072266533, [-1.85175233]
226, -30.80717038342035, [-1.93141352]
227, -39.331718766313735, [-1.98368167]
228, -39.48902291937913, [-1.98368167]
229, -30.9497518372328, [-1.93656271]
230, -29.051390200312877, [-1.93656271]
231, -46.95102378438043, [-1.94766821]
232, -30.250241835609128, [-1.94402148]
233, -24.331607883538087, [-1.92992739]
234, -27.040735589708397, [-1.92992739]
235, -39.461069185495504, [-1.92992739]
236, -36.933033294781794, [-1.93130853]
237, -11.781217264639583, [-1.79560241]
238, -23.23633926729793, [-1.79560241]
239, -22.34039599047314, [-1.7520008]
240, -13.886685030932625, [-1.58360053]
241, -33.53985583704304, [-1.44280414]
242, -38.67063450641969, [-1.52758835]
243, -17.289374046693066, [-1.11205108]
244, -22.756684308596498, [-1.03189673]
245, -22.50372211404407, [-0.96175342]
246, -29.536397759219916, [-1.07734387]
247, -27.329795181458376, [-1.04860716]
248, -26.311567554373482, [-0.71858282]
249, -29.19721194259376, [-0.8358628]
250, -29.618762679588624, [-0.78759918]
251, -26.41988105402913, [-0.64578381]
252, -26.197713652316466, [-0.60807322]
253, -26.118640648556784, [-0.643844]
254, -27.121857429989017, [-0.81266885]
255, -26.427738653359082, [-0.81050294]
256, -25.15396630871173, [-0.82792907]
257, -28.179243219032447, [-0.81322416]
258, -32.03136347832798, [-0.9581329]
259, -27.81922664313761, [-0.893003]
260, -28.697054749111864, [-1.01556346]
261, -29.039158970636844, [-0.98658755]
262, -23.336659631331855, [-0.86204196]
263, -25.97006168746587, [-0.76370842]
264, -29.89057523528535, [-0.76184683]
265, -28.58553551175818, [-0.90378393]
266, -31.44654252639685, [-0.86893071]
267, -27.12732451868947, [-0.88956523]
268, -24.432195513758312, [-0.74645706]
269, -26.595906857501515, [-0.84117164]
270, -26.61636871980469, [-0.71520531]
271, -29.43437631729137, [-0.74835914]
272, -29.989676192402847, [-0.726364]
273, -26.802388217408737, [-0.80753806]
274, -28.726660348336857, [-0.76969553]
275, -26.90338763915288, [-0.81364737]
276, -28.194810222818262, [-0.76006775]
277, -25.076844507601923, [-0.7638356]
278, -28.360630177642783, [-0.84399801]
279, -27.841367076279145, [-0.85342988]
280, -31.242590682514678, [-0.94372983]
281, -29.830477820384875, [-1.02887883]
282, -32.10395585623588, [-1.06256725]
283, -28.801418462735207, [-1.00226]
284, -23.07829632397679, [-1.04478805]
285, -29.65016908416198, [-1.13024831]
286, -21.333244922929655, [-0.98820632]
287, -25.715619448242244, [-0.85329086]
288, -27.889097023704633, [-1.06312758]
289, -25.13718334775801, [-1.2076913]
290, -27.703681804951966, [-0.91404451]
291, -31.360311142708937, [-0.95677809]
292, -28.564010044494562, [-0.73099396]
293, -26.42604409274761, [-0.71046334]
294, -26.749142341784452, [-0.71707722]
295, -28.187203998594427, [-0.86230079]
296, -30.14981931860659, [-0.94678807]
297, -29.42360316037225, [-0.87617617]
298, -29.44802448669841, [-0.95360333]
299, -27.988645177062953, [-0.9511206]
300, -29.948854878441804, [-0.76599115]
301, -26.07009360641876, [-0.79839837]
302, -27.841197348731257, [-0.88260575]
303, -26.925563984784056, [-0.88922423]
304, -29.79681471749385, [-0.80129083]
305, -26.813402617015075, [-0.72485429]
306, -26.98099198894639, [-0.77108384]
307, -28.507287710786894, [-0.83894931]
308, -28.966721720039683, [-0.81983335]
309, -28.576162072874762, [-0.88349533]
310, -26.93533793182811, [-0.97625002]
311, -29.781026959068274, [-0.77287648]
312, -29.22039314407239, [-0.97225061]
313, -31.908145434776188, [-0.96364758]
314, -26.080848460436762, [-1.08358631]
315, -32.55739617293046, [-1.2516911]
316, -34.798859057460064, [-1.06271549]
317, -33.74963423891268, [-1.10456961]
318, -29.712158227426798, [-1.07239349]
319, -26.211621214237958, [-0.78191403]
320, -27.59202483103772, [-0.777608]
321, -28.135401686192193, [-0.90588277]
322, -27.908031932438863, [-0.94698632]
323, -28.898152602902588, [-0.91852662]
324, -33.4747682751325, [-1.21847423]
325, -23.604193456752995, [-1.33939566]
326, -31.14543810852333, [-1.46148438]
327, -29.39027237079351, [-1.5456739]
328, -24.77909661702252, [-1.60320256]
329, -45.53958182905385, [-1.48789821]
330, -13.048206632960285, [-1.34618542]
331, -29.828286997326927, [-1.50274468]
332, -29.518167908473245, [-1.41984694]
333, -27.18173247359904, [-1.4639491]
334, -38.50597900033403, [-1.5332589]
335, -32.600568472287414, [-1.60355211]
336, -14.48370875182532, [-1.45531562]
337, -38.10941107859836, [-1.63402558]
338, -37.72417720456179, [-1.63377134]
339, -35.38655032378041, [-1.64554903]
340, -25.383051164977545, [-1.60924022]
341, -40.62710702410783, [-1.61394662]
342, -13.964395654283564, [-1.39053345]
343, -31.84415033769499, [-1.22949183]
344, -27.73473319284304, [-1.4241152]
345, -36.053392917088885, [-1.55142576]
346, -39.459324143162625, [-1.55347269]
347, -27.166637219188257, [-1.68276136]
348, -30.206852123241877, [-1.79193448]
349, -32.22965992200648, [-1.79164839]
350, -28.534733190713485, [-1.69773]
351, -4.31688886876173, [-1.51704273]
352, -22.212627547805642, [-1.447914]
353, -20.521510396888097, [-1.6323699]
354, -23.599535374233607, [-1.65344439]
355, -17.948636888034763, [-1.54909366]
356, -34.59832519336449, [-1.5642063]
357, -30.405109779124167, [-1.45838755]
358, -21.806614140130264, [-1.22992952]
359, -27.67299740389157, [-0.9905859]
360, -28.523186861242053, [-1.01104861]
361, -23.774007306698337, [-1.22125874]
362, -18.52679330851107, [-1.0066233]
363, -28.883671586729193, [-1.04967825]
364, -31.325598056439183, [-0.90408831]
365, -30.349250512062895, [-0.96558686]
366, -25.068306598823494, [-0.84813848]
367, -23.34923869100574, [-0.89113703]
368, -26.531035827454545, [-0.90616926]
369, -28.406826736241484, [-1.12165612]
370, -28.515104753265085, [-0.9895088]
371, -33.39312521801342, [-0.87278333]
372, -28.583328111782045, [-0.8598943]
373, -29.467130775439866, [-0.86071082]
374, -26.30395938267407, [-0.86576746]
375, -24.658020482099094, [-0.71996813]
376, -25.567353052817047, [-0.77458828]
377, -28.31928057228398, [-0.89027446]
378, -28.8089972855682, [-0.7376002]
379, -27.909901937195453, [-0.60491869]
380, -26.57176438407269, [-0.62947193]
381, -26.777822324207794, [-0.68071306]
382, -27.328729721620967, [-0.65840655]
383, -27.58261630954702, [-0.78344042]
384, -28.92725961076583, [-0.8554905]
385, -27.643960988205357, [-0.99825398]
386, -31.15198095405822, [-1.17051521]
387, -26.96646085818398, [-1.27785254]
388, -19.957449048815143, [-1.12411434]
389, -29.168607932716213, [-1.06731298]
390, -28.223756720407547, [-0.97281446]
391, -32.551725774185655, [-1.27548021]
392, -28.561840773833797, [-1.05202928]
393, -25.562513989801978, [-1.00579068]
394, -30.486920190353946, [-1.12399045]
395, -27.12863432064619, [-1.19990647]
396, -29.042174506636375, [-1.04974372]
397, -30.129657656501212, [-1.15336564]
398, -31.95910923041993, [-1.34752347]
399, -22.10634995288346, [-1.52166705]
400, -26.774735530587126, [-1.28725541]
401, -29.905344733527066, [-1.38681259]
402, -40.54832518270268, [-1.4822836]
403, -29.904603180457894, [-1.3849552]
404, -32.88845507731826, [-1.47607518]
405, -16.28811819474273, [-1.27149303]
406, -26.038624445241087, [-1.19058579]
407, -31.52089869185294, [-1.22863653]
408, -27.733400114702867, [-1.12568889]
409, -31.276382622016257, [-1.19778573]
410, -34.50111143113359, [-1.41896018]
411, -26.238384360186433, [-1.7069616]
412, -21.194019715412914, [-1.7132905]
413, -27.473219195604074, [-1.83613145]
414, -38.56293800289771, [-1.83702901]
415, -15.694512826910184, [-1.8367074]
416, -27.104259636486034, [-1.90651318]
417, -27.406066475203197, [-1.90633088]
418, -39.51813644163991, [-1.90628757]
419, -40.89799151892804, [-1.84857301]
420, -46.781697717303174, [-1.85522622]
421, -19.52523065097221, [-1.85566179]
422, -27.31116464276285, [-1.73229648]
423, -32.74215006583844, [-1.51507126]
424, -13.418024417599277, [-1.50746211]
425, -16.026562817610944, [-1.28746291]
426, -33.14262334895638, [-1.40112734]
427, -29.25958655058835, [-1.45424952]
428, -25.173423755724624, [-1.59371843]
429, -26.837062293216604, [-1.57952655]
430, -33.92433729054739, [-1.64321659]
431, -39.80261425399381, [-1.70264845]
432, -31.93979410700576, [-1.88965739]
433, -23.343279076523153, [-1.74149505]
434, -19.87252913311702, [-1.73784287]
435, -29.57412190505164, [-1.74859542]
436, -15.620627826847718, [-1.7166559]
437, -29.572032774907473, [-1.7207889]
438, -29.238327212010958, [-1.7211577]
439, -19.536561667721326, [-1.71468678]
440, -12.245945781551786, [-1.488262]
441, -32.40852379835696, [-1.30251037]
442, -28.32318590713606, [-1.02406959]
443, -26.613133035667573, [-1.04950857]
444, -29.881695400838577, [-1.31569817]
445, -19.960671585444153, [-0.97551849]
446, -26.631623237816164, [-0.88964547]
447, -27.34870369889219, [-1.01668115]
448, -22.716910184890576, [-0.84232379]
449, -30.32514714100766, [-0.86706122]
450, -27.055664307447042, [-0.79134725]
451, -25.211270307154418, [-0.66374764]
452, -28.13579145345922, [-0.70382745]
453, -26.300527560099777, [-0.61682739]
454, -27.388469528696756, [-0.70009851]
455, -28.364360493970278, [-0.69773456]
456, -26.287709239001735, [-0.68776518]
457, -25.733518182739648, [-0.75389975]
458, -28.96104201707423, [-0.91973152]
459, -26.66233286013744, [-0.86345218]
460, -30.123464532814207, [-0.93977317]
461, -29.51340170547041, [-1.24802028]
462, -33.531853993603015, [-1.30348153]
463, -40.58012252031126, [-1.27224806]
464, -33.877265021528096, [-1.21025423]
465, -19.99849695939323, [-1.0519118]
466, -30.66670330658903, [-1.04402324]
467, -33.118184681328614, [-1.06314279]
468, -29.42359985364607, [-1.05646475]
469, -20.743558564630327, [-0.91389189]
470, -30.427509870657648, [-1.04033448]
471, -31.913919572747364, [-0.79719331]
472, -29.727857417961175, [-0.86018747]
473, -30.003888060630757, [-0.94289281]
474, -28.83005755681104, [-0.86732806]
475, -30.45422414922209, [-0.7380134]
476, -30.216441129400845, [-0.93336864]
477, -31.814008770064852, [-1.19613137]
478, -28.71465732822814, [-0.88775428]
479, -29.77000150343954, [-0.89735076]
480, -25.312347701769735, [-0.98383303]
481, -32.77152292207303, [-1.38113711]
482, -29.4235777081614, [-1.15625526]
483, -28.233854922175833, [-1.29195084]
484, -25.263854567704783, [-1.47433138]
485, -18.776433314783766, [-1.47386511]
486, -34.06671284698697, [-1.60989619]
487, -35.56947793875377, [-1.7420216]
488, -28.483955515409566, [-1.74800394]
489, -12.812112789289925, [-1.74039822]
490, -15.568123097746222, [-1.63621224]
491, -32.78661575137075, [-1.48061539]
492, -30.29846722048246, [-1.52004709]
493, -20.828179315864478, [-1.3070951]
494, -30.466456197342303, [-1.48362909]
495, -47.851912169059524, [-1.60224807]
496, -31.431705515365117, [-1.45725956]
497, -30.86741728883604, [-1.46802768]
498, -37.274309314286164, [-1.6691573]
499, -40.372567955141356, [-1.66854912]
# W is -1.6685491200617475
